Two boys who look small dressed in tuxedos are sitting on a red carpeted floor	Two small boys dressed in tuxedos are sitting on a red carpeted floor
[0, 0, 0, 0, 0, 0, 0, 0, 0, 0, 0, 0, 0, 0, 1]	[0, 0, 0, 0, 0, 0, 0, 0, 0, 0, 0, 0, 1]
[0, 0, 0, 0, 0, 0, 0, 0, 0, 0, 0, 0, 1, 0, 1]
[[0.9999136924743652, 0.9999191164970398, 0.9999128580093384, 0.9999215602874756, 0.9999133944511414, 0.9999092817306519, 0.9999180436134338, 0.9999146461486816, 0.9999196529388428, 0.9999008178710938, 0.9999085068702698, 0.9999096989631653, 0.9999038577079773], [0.999882698059082, 0.9998752474784851]]
[0.9999030828475952, 0.9998936057090759]
[0, 0, 0, 0, 0, 0, 0, 0, 0, 0, 1, 0, 1]
[[0.9999136924743652, 0.999909520149231, 0.9999175071716309, 0.999912679195404, 0.9999198317527771, 0.999915599822998, 0.9999200701713562, 0.9999009966850281, 0.9999085664749146, 0.9999097585678101, 0.9999039173126221], [0.999882698059082, 0.9998752474784851]]
[0.9999017715454102, 0.9998928308486938]
actual: 0
predicted: 0

Two boys who look small dressed in tuxedos are sitting on a red carpeted floor	Two little boys are wearing tuxedos
[0, 0, 0, 0, 0, 0, 0, 0, 0, 0, 0, 0, 0, 0, 1]	[0, 0, 0, 0, 0, 1]
[0, 0, 0, 0, 0, 0, 0, 0, 0, 0, 0, 0, 0, 0, 1]
[[0.9999136924743652, 0.9999191164970398, 0.9999128580093384, 0.9999215602874756, 0.9999133944511414, 0.9999092817306519, 0.9999180436134338, 0.9999146461486816, 0.9999196529388428, 0.9999008178710938, 0.9999085068702698, 0.9999096989631653, 0.9999038577079773, 0.9998824596405029, 0.9998748302459717]]
0.999901294708252
[0, 0, 1, 0, 0, 1]
[[0.9999136924743652, 0.9999175071716309, 0.9999194145202637], [0.9999132752418518, 0.9999063014984131, 0.9999102354049683]]
[0.9998956918716431, 0.9998843669891357]
actual: 0
predicted: 1

Two small boys dressed in tuxedos are sitting on a red carpeted floor	Two little kids are wearing tuxedos
[0, 0, 0, 0, 0, 0, 0, 0, 0, 0, 0, 0, 1]	[0, 0, 0, 0, 0, 1]
[0, 0, 0, 0, 0, 0, 0, 0, 0, 0, 0, 0, 1]
[[0.9999136924743652, 0.999909520149231, 0.9999175071716309, 0.999912679195404, 0.9999198317527771, 0.999915599822998, 0.9999200701713562, 0.9999009966850281, 0.9999085664749146, 0.9999097585678101, 0.9999039173126221, 0.9998824596405029, 0.9998748302459717]]
0.999900221824646
[0, 0, 1, 0, 0, 1]
[[0.9999136924743652, 0.9999175071716309, 0.9999070763587952], [0.9999132752418518, 0.9999063014984131, 0.9999102354049683]]
[0.9998959302902222, 0.9998844265937805]
actual: 0
predicted: 1

Two small boys dressed in tuxedos are sitting on a red carpeted floor	Two little boys are not wearing tuxedos
[0, 0, 0, 0, 0, 0, 0, 0, 0, 0, 0, 0, 1]	[0, 0, 0, 0, 0, 0, 1]
[0, 0, 0, 0, 0, 0, 0, 0, 0, 0, 0, 0, 1]
[[0.9999136924743652, 0.999909520149231, 0.9999175071716309, 0.999912679195404, 0.9999198317527771, 0.999915599822998, 0.9999200701713562, 0.9999009966850281, 0.9999085664749146, 0.9999097585678101, 0.9999039173126221, 0.9998824596405029, 0.9998748302459717]]
0.999900221824646
[0, 0, 1, 0, 0, 0, 1]
[[0.9999136924743652, 0.9999175071716309, 0.9999194145202637], [0.9999132752418518, 0.9999228119850159, 0.9999093413352966, 0.9999107122421265]]
[0.9998956918716431, 0.9998794794082642]
actual: 2
predicted: 1

Two small boys dressed in tuxedos are sitting on a red carpeted floor	Two little boys are wearing tuxedos
[0, 0, 0, 0, 0, 0, 0, 0, 0, 0, 0, 0, 1]	[0, 0, 0, 0, 0, 1]
[0, 0, 0, 0, 0, 0, 0, 0, 0, 0, 0, 0, 1]
[[0.9999136924743652, 0.999909520149231, 0.9999175071716309, 0.999912679195404, 0.9999198317527771, 0.999915599822998, 0.9999200701713562, 0.9999009966850281, 0.9999085664749146, 0.9999097585678101, 0.9999039173126221, 0.9998824596405029, 0.9998748302459717]]
0.999900221824646
[0, 0, 1, 0, 0, 1]
[[0.9999136924743652, 0.9999175071716309, 0.9999194145202637], [0.9999132752418518, 0.9999063014984131, 0.9999102354049683]]
[0.9998956918716431, 0.9998843669891357]
actual: 0
predicted: 1

